62145098
95845698
86352600
13085600
54948098
35061000
46100498
1747800
32108000
67485200
68958800
95125600
56130000
11760600
21356200
56073498
96455298
13646400
82019698
45144298
18586200
32001600
21395600
25456400
98156600
54261000
93242098
73378800
28889400
85808200
10440400
82944898
4428600
9434600
68903400
32392400
75679400
74924498
33128800
50939200
18182800
69359600
24568600
76721000
89049498
63377200
45309298
59383800
93056400
35371600
91813000
15328698
96453400
19174200
21572600
40384200
6568200
96379498
94340200
17721400
51239200
12331698
96693000
4812000
97152898
95581600
57045600
97278800
32452400
37430000
68180098
58819200
96135098
59384898
74852600
64993800
72874200
2760698
44879400
6862098
38074400
72595600
32190600
95143400
97220400
37268400
33055200
41321400
56979400
45254400
46501000
8053898
41047498
68140800
74910098
19256400
36270200
73077800
26632400
9112000
26215200
79866000
75677200
49621898
71490298
86524400
33379200
33719400
1894200
89306600
64711200
63955000
45606200
14478400
17199898
96799600
8197800
7706800
76400698
51188800
74996400
38888200
46324400
52302000
63369000
39848898
80876400
27595698
4307000
48847800
86143000
62639400
33579400
97281898
73795200
86694000
65543600
66661200
77803498
59320098
28234400
58358600
60354600
34808800
99715898
22133200
22607400
35267200
13179298
83591800
95871498
54629600
15106498
41168200
52908600
96462000
60582800
11582898
48402600
25961800
40828000
14596000
25258098
29412200
78492600
27259600
36013800
46082200
43663200
35199298
38596698
62880098
91850400
8396200
48993200
18962200
23790498
51362400
77480800
64696800
61413200
93221800
2363698
9975000
23422400
22446600
36416200
74600400
2840800
92594600
27559298
70823400
43075200
19153000
61889400
15720698
49884000
98019400
51351400
85800600
7098400
23271098
60554898
76520600
34330800
89438898
23653000
96220000
15336400
22151000
26605698
33009000
1284600
12289698
56738000
51775200
65568600
74635200
12967000
72040298
81088200
22224800
28051200
8703800
56634400
89348498
72054400
85023498
34633600
55339600
42694400
46081400
22979298
84467298
3936200
4495698
34546098
93876600
91901000
41933200
68034000
58390400
61697800
72533600
26587200
74501000
85726498
85562000
84453600
32007200
99241400
47827400
27570600
11384200
87094000
88984200
97907800
63152298
79160400
89481200
97775200
36856098
48919600
23732400
30935098
14835298
30104400
28517600
22139400
43729400
41244400
48711200
89495400
74943000
74385200
95423698
91025098
44107898
8890400
53609800
99451400
40792400
28984000
29415498
89328000
97051098
47586800
5885800
2060600
66876000
47726200
16204000
6366000
62653600
32526600
52103000
43901000
9371800
37575200
4785800
42033200
95783698
54205000
16233200
53013000
59005200
31622200
33701498
14300400
53541000
31391400
77320800
65853800
67589400
66549400
47076400
2754800
53551098
35697200
17901800
36673600
6935600
23514800
60889000
82735200
78989200
57384600
11745498
99728400
62601600
86593898
30601000
89156400
74719400
12940400
42843298
88940000
458800
62774898
24761098
77748498
34854800
56193498
41694898
71190800
81239000
60747800
40183000
27257400
49857400
62747800
16255098
3957400
55348600
4561298
86278400
46650600
79771200
37471600
58676200
81899698
71319400
78860298
11821000
85618098
43341800
77392600
51237000
24404400
85982800
89673400
15751698
12712200
84825098
30729200
31623800
50413800
53050000
25568000
36811200
46751298
9707600
6180600
40582600
50404200
14258200
37883800
53805800
58267600
27971698
37762698
65343000
818600
62700400
185000
92154800
43362200
28655200
91190200
88537000
83093800
25163000
31591000
83126698
95589898
61623000
67242600
78808600
86422800
93642098
77055898
3258000
87454000
93285400
36341200
78939098
1830298
13007698
28103898
58480800
14142400
41425298
69120698
20537600
99883898
55722698
2664200
17435200
76638600
5238000
17086800
21120600
68354000
100104600
61773600
1037200
49604600
75713898
78371200
61049200
38599400
53335498
99049898
91387400
91107400
95143698
73617698
79746400
2179498
93392600
78205400
82572400
20967698
87989600
15152800
73479600
9409800
48313000
50527000
82519898
93998698
86590800
27263200
76828200
9299498
61871600
1189000
97410800
77459400
29455400
54168898
18904400
8630800
69920800
78979400
52675000
86388600
84864400
78690698
18448498
52885898
54014600
35750200
74713400
4406400
53986400
87097200
61804298
89166400
2335600
66311600
92307400
63218898
8385298
33470200
61238000
30208200
69738400
75918200
53710600
12454098
83402400
21956498
9194298
13890000
59456800
1731200
1332400
53794698
12059000
52041200
41740200
23855098
22203600
35398600
68903800
15737400
43054200
33855498
86092400
21323800
33606400
91682400
56291698
50252898
15406200
9907200
53380698
5028000
21681800
25681600
82978800
80089600
27506898
89894800
61240498
90999600
53230800
22293200
78572200
15601800
79651298
88231000
74900298
17505800
2303000
36865698
47467600
22192200
731400
5875800
43160400
63798400
29764600
45284098
93567698
63866298
38270800
42159600
40086298
54831800
90426400
92159898
7722200
76013498
24522800
68665000
98419400
9966898
37088298
99564200
61456698
68899898
85796600
48511298
573600
24882000
99138600
64226098
31622400
67703600
37870000
19149600
3281000
69552600
95553200
90150600
89099000
83954600
66624000
40107200
7980800
54147400
31935898
65673200
59234200
48830200
4795898
37734000
51253000
39379200
20851600
96715698
90563000
37029800
60719698
11509400
53052200
56245000
1535898
68152400
12522000
65093498
47900600
17806400
96619800
91803800
6481800
82772498
88126498
52760200
79280600
88835200
20179098
87748800
1398400
24490400
48124400
60069400
25760200
8102000
29909298
77847298
11758698
75196000
24354600
91726898
20134400
32272200
47923098
33090600
96479400
66503600
77893000
29027200
96810000
58235200
44698298
61576898
66155600
38691000
21432600
50345600
72192698
85298000
84362698
46640600
20020000
89325298
75536800
95584200
99650200
45968000
13930400
72391600
19301298
48253298
63370898
22269800
12323898
59600600
38434200
47027400
97100000
76705800
88927800
85414000
58588400
51559400
1138400
75862298
52560400
99917400
49748400
19899200
17069098
98935200
21194800
78693498
50298000
80295400
76700800
78952600
71138600
86261400
61795200
30013498
35477200
72423498
61273800
64656698
47290098
49092600
59358200
38129400
22057800
551600
27654498
12507800
47967200
80024000
35004400
2860200
71794498
71552400
62161698
24928600
51093000
17747800
63170200
14405600
57740600
51572200
36248200
36776498
82150800
25246200
86893000
53891000
91073000
43645200
58070400
70724200
71556600
27024800
4631400
6663800
96775800
35600200
17489200
8176000
76428400
64243498
32695400
46924800
17025800
37991898
51536400
71990200
12843000
27049098
22416200
30261200
56789498
94949600
48217298
78883200
59479498
48619600
20157200
2203600
54038698
20680498
92745498
23892298
97321000
90818400
73069498
40758800
97303000
72595800
32361000
33473400
20464200
78041098
89596000
72991000
57688298
60015698
86715800
15993898
12410600
56038200
91506000
96724200
66490000
85383600
56251800
75269200
53080600
58296498
29436000
87919400
30223800
86293600
41994200
15944498
85918498
61885000
77486600
72320400
12970800
97431200
9212400
69497698
62024600
60126800
19877800
66923600
1527200
39179000
25064800
82381600
29090498
73208898
24663898
80091000
46985000
98894698
89949000
26039698
70278600
30710800
58041000
80211600
67641400
21894000
87004600
16023898
83229600
42547200
69727698
1211898
50295098
49966200
72232600
3486200
76516298
72525000
97195400
2522898
54440800
22426200
76403200
1499400
88564600
31120000
82219600
53323000
52367400
31745898
2507800
36676600
82883498
41535600
50357600
45300600
59437400
15229400
34576800
66732498
5715000
43885600
71427600
37111498
86835400
91339098
70801600
96601600
79108400
63275298
37525400
63837400
12991400
52861898
44727400
5161200
81619800
35439800
31608400
88287000
25304898
7710000
71622400
43957200
91111600
77298800
44280698
2075698
51471400
57066800
94305200
18962000
36418200
30689200
67617800
17562800
1599800
59089600
98294498
70628098
69655200
29726200
85469000
45131200
17911698
2259200
70546000
55228898
23027800
93046200
59514200
44078200
56531698
44145600
75852600
25600098
29678298
55061000
83318600
85485400
73178800
7623600
72816898
52143000
76350200
54108600
29277400
4064200
47853600
67890000
41077800
58619400
65862400
66799200
9197498
7416800
88135200
99357800
4638800
12293600
35029400
64086400
84298600
20392298
83744600
59500800
96510000
77331800
54431698
60112400
37631600
11381698
44406000
43134498
43042800
78012200
20366400
77572600
17104000
35560200
39250600
47849000
58890400
35135298
53403898
24941600
86308200
91776200
59331000
76135600
94063000
29723000
83110000
22715800
74233400
47114600
63555200
77138400
29988600
37125800
31559600
82872698
28012298
93791800
49788800
54982800
99678298
29439000
24886000
53460800
49509600
85552400
75288000
25095000
77259200
94609400
95218800
68859200
34595200
35702000
425800
32351800
57948200
72291600
12038800
68143298
77952400
46293800
24696298
9512400
66455298
1289098
68746600
16339800
64427400
28216298
48474498
66181200
95006000
19273200
50458000
78622000
85675000
20032000
10248800
17059800
88234400
9547898
67925800
50434000
66611400
74669000
74694400
77993898
40827600
78521000
34502400
13257600
9648200
66946698
94343400
30316600
66554698
43066600
56540498
23861200
61515800
78714200
52137200
68131800
12789498
60247400
28735600
33679600
81715298
11513898
22213400
60368800
58699200
8720298
77961898
76515400
22099498
91672400
47115600
78992400
91261600
10401498
10322400
38933600
71763298
53401698
23404498
77983800
53307600
66116600
2743600
52334000
49406000
20666600
38908098
71822400
2904200
44704600
87766898
78926498
49333000
85938200
60811400
43824200
64799000
42105400
42036200
46286400
2436600
22580200
97479800
19064498
91734498
87992400
31767600
12239400
22846800
41090200
80802000
39788200
70484200
57799000
91377800
40293600
78578400
7187000
63406000
57312400
92590298
51292400
90820400
68601898
88078000
1165600
14156200
63596498
94264400
81096098
43482000
64211000
8959600
94234000
60272400
22456800
73157600
84502000
65088000
24863000
27310400
63306800
69748200
8723000
68495498
81965400
60058400
33467400
22608600
16762800
94595600
32894000
61551200
92673000
83755498
10068298
44822698
65344298
82190898
4868200
28901000
84669800
87507200
8016298
76176200
37428200
64316800
55429600
30609000
84602800
56299000
98118200
85956600
7666498
56515000
83295600
18125600
26624800
16938400
65657200
67963200
77642698
91572200
80205800
65913600
60647298
29283298
97588800
33368098
4984200
65101200
20578298
79074098
68455800
95796000
21242200
69679000
33043600
34240298
87784200
20804698
4546000
83245698
22138400
63805800
29337800
85989498
6844800
80689600
22332600
41621000
20240000
34869400
64853898
67216400
50643698
46235000
61128698
89290000
19229800
87245298
78534400
70146600
34724600
27373498
45617600
10439000
71491000
82157698
90049400
71854600
44152498
92342400
74826400
77476600
35784200
16113000
12845200
15548800
78128800
13223200
89193698
26715498
4713600
94757098
77492200
45102098
64052400
49125000
8148000
31365098
4475298
51714600
15658400
67239200
64312498
61894898
40136600
90086400
93739000
72430400
41661800
38204800
33547498
76776600
92172098
3220200
19686000
42206800
78681200
92242098
11258498
84835600
47194200
20250400
32565600
62502898
46857800
20470400
70926800
19227498
56123000
51722800
36267400
95352200
69386200
82532600
98312200
54449200
47692000
35373000
92114400
79703000
90395800
58774400
53821800
80465298
64616000
34902800
82896600
11239800
72046400
98634200
58454200
1703098
31350898
33588200
54591200
87947800
8950400
7821200
93625600
19938200
28994200
54545898
13612400
73914098
55975600
9700800
67813698
98712800
63260200
98757600
96580000
26093698
86585298
6422800
45982498
80930498
78784698
56812600
4689400
72842600
9483000
75871098
17168200
41627000
57764000
38019000
85513000
22637000
97187800
77020498
30702400
90335298
95312200
67924400
4321498
69999898
27017000
38328400
66392800
92829800
63882000
10575600
92564000
66538800
3643498
97856600
21415298
64444800
16819800
79193498
96677298
72816200
83803400
1262600
50900698
45073800
61632800
95220800
64446298
27378298
43297400
88594298
50549000
71675800
3535200
2675000
17731498
9715000
10617400
93634400
39183200
38502400
49654600
4586400
6958600
67220000
23859800
75235600
28047800
16761200
43628698
35768200
13580000
76613600
14198800
6652600
9081600
3899698
24657000
29080600
70267200
75929498
3456498
12417098
93596000
44600000
22563200
81385400
80302400
5363800
92935200
71918498
74058898
5890498
16623400
52283800
39403400
59460000
14839600
86072800
91098800
3454698
93583698
62570800
83076400
25266200
21907200
97096800
92742600
3396000
78302000
6656498
59428400
20531498
79774698
99301298
5109800
9516200
41532498
36749600
85645800
18967698
82333498
79883000
86695800
30011898
92433200
89252400
478698
71617898
28702800
53288800
69880200
4412298
41581298
41932800
96067000
91305800
46188000
62224800
29816600
73713400
65473000
54325200
8539800
26647000
45226800
10791498
89214298
42377600
70000000
56441000
64423600
83545200
8602400
49040000
26462800
97288600
1045800
68039000
4692800
41605898
96687800
61662400
72913098
73576400
46912898
60568600
34048898
61472600
1577200
3986498
42228400
90706400
1849898
97585600
73545000
42591600
75899800
24004800
70820098
39902298
88105200
2308600
92847200
61221498
96677800
37577200
96032800
38134600
92010400
43618600
50490498
72671400
57623600
74809698
31322498
48502600
28127200
50467800
7620000
15175400
16488400
32517600
97903498
48103000
86797400
51702098
56023000
92141200
6164600
44212898
28417498
26205200
41359000
92815000
43311800
73780098
31347898
46899000
48657298
22649600
1982200
68878898
20173000
24940400
19531400
33852200
46047200
22829400
31456298
15738600
73593098
32147400
64823098
79768098
17398498
28248400
79735000
29132298
69436800
25781000
57096600
50152200
75706600
13556600
52589200
73016898
33949298
85500098
35514498
73015600
2349000
46207200
48856000
13413200
7979000
40102498
46921000
22029698
37840600
18833400
99193898
53434200
47498800
48258200
31987400
95395600
20865200
93742698
97773400
25650800
28396600
73055600
17926800
86599098
65099298
37721000
3189600
51067400
68305800
2578400
87450800
63930600
89584600
41245498
15568800
35597800
22781200
70306800
52515200
63352600
79341298
69661498
32806200
18668000
16198800
49188800
83017800
24414200
69336698
54491600
5044098
26974200
15141800
87637600
22482800
78956000
33613600
47300000
64250000
98300098
66179498
76931600
76142400
74150800
53952400
75128800
37787000
42684800
6928000
46597898
71151800
63730400
38222298
67443898
52515298
22447600
56132498
57832400
59413600
83091098
31017200
4283898
59721698
10443400
83669000
37191298
89744200
47898000
9443400
83628898
6626298
759400
16464800
88537200
12467800
54185000
9797000
25265200
70031000
79858200
15670000
55046800
19575698
17136898
34436000
37589498
48312000
8412600
27010600
23142800
90366200
22824098
16736098
44903800
61466000
86879000
45412600
37048800
27119498
85764400
94224000
2904098
57282000
70880400
6737200
87880600
38560498
3546800
87609000
68430400
35332600
1782400
91239600
59897800
62876200
38389000
48274000
73959298
33302200
48568800
8918498
70472000
34043800
17817000
6317098
79469098
76212400
30164400
40245898
84410800
20307800
86908400
57261498
96313200
3708000
59737298
74336800
46870800
29883000
61950400
81479600
69817000
40853200
98281498
30316600
71337800
44020000
8037200
60260400
40397200
24099098
91900600
19932000
71627200
43983600
53367698
87566498
62513200
12544098
20177400
18856600
64169200
64054200
12475200
69176498
73057600
10320200
39789600
69041600
86025098
25329800
24969000
74019698
41411898
87842400
42221800
84772400
7977600
40764000
70284800
3040600
78697400
26374498
21115400
17239400
42316400
15910000
72247200
13094098
83086498
45856000
54239400
46379098
36295298
52308600
59031498
50675600
54960200
95069800
57652498
47244498
42789600
32866800
65623800
99614098
76437600
82286600
40977600
85036498
27836800
78764200
77627298
98405000
36350800
68280800
3770298
46898600
91794298
64475600
12840000
65465898
83923400
59079200
2531800
44777400
11327200
25632000
48024000
58860600
46393200
37164898
76649200
33709400
37301498
5173600
52684600
22459400
32797600
50794600
83936400
53153200
56885000
46120298
35834000
5365400
35310698
10521698
38644200
34108498
41835600
27358800
15990698
4265800
70944400
16889298
20503800
60943800
76454000
42245600
8347800
68714800
45379800
59380498
97062600
62542600
9603200
23570898
16817098
96219000
97388200
20083898
16231400
59295000
46861298
895800
16045800
43272200
39702800
18133098
82038000
55215000
90826898
50177898
45470200
84439400
89308400
88235400
55206400
90480400
30804400
59134800
16902800
89717600
143400
9223800
2253000
61842098
8632800
32315200
97192400
69941800
30345000
94104200
24089898
17979098
76439800
39671498
67027600
42375200
88075200
61618400
9443800
77415200
49479000
15993298
53258800
94483400
98771200
92652400
10288898
77994600
60410200
93341000
43849698
22071600
9730600
6443200
22419600
41052298
95127000
48028000
84254400
63633000
96535600
88675000
75325600
23890600
39697800
45727000
89274498
35775000
64697400
89702000
33194800
44088600
24444498
16149600
32316898
52430000
81681800
4497400
18000098
3820000
31061200
62142298
30711200
39979200
10980800
9174800
8877000
34117800
19626400
81798600
5050600
36808400
13683000
11304498
30711400
58533000
75566400
99781098
6544200
58038298
85280498
41453400
35984800
91256200
84820098
38306200
54930800
79197000
68563698
28810298
32081400
59900800
63975200
28936600
14393600
28527000
77716600
61245800
35753898
3411698
32887200
30030800
80956800
23450600
77566698
28906800
30290000
39555698
57377298
13555200
91434698
77752200
42440200
53745698
80345800
66401898
21445800
88814600
75704600
56503298
29164400
5223098
14965000
43399698
36663098
97325800
89697200
60761000
85176898
70223800
79297000
80344000
60803400
73328600
51073800
34862600
90134200
96046200
88322298
76685698
47095200
57934400
2391400
95424200
10839400
56744698
39237098
7614298
5019000
50847000
86735400
56635000
12732298
89598000
9878400
15659400
22183800
15141298
42338498
3096000
74492898
56157200
43618600
4319098
29628498
99282000
50769200
23600
18486400
42603200
39419098
91954800
390000
10474200
34063000
15978200
87756400
30390800
79776800
16752098
87184000
70084000
19239098
87519200
4181000
74126898
51490200
21557600
5569600
58326600
25739200
65328898
21892698
33950098
64089000
40898400
3711800
58360098
3975400
51072098
73427400
97206898
70894200
66271600
92881600
66287200
62073098
31141400
56127098
59069098
93912400
70592600
55555200
87384200
57947400
71210600
73050898
4658600
53334000
87936800
36781600
34840800
1074200
15206800
37737600
30095200
68556698
69730600
13561600
42661400
82978200
66773600
77837400
48235698
36402400
72801600
11514600
52626800
54584400
59626800
37461200
95303800
51710000
49259800
43575200
67928800
62337000
75778800
66868200
15824298
45224600
98427600
19349898
38520400
74739498
79883600
39632400
69194000
63388200
445000
9324400
68245400
9396000
50961400
95054200
97050800
53552098
24033800
58576498
76898000
31062600
9986800
98660000
85902098
56352200
96092698
36040800
10683498
87860200
67346400
70195298
72372200
7512600
27452898
4176498
23769400
89999698
44633600
56563600
48741498
83666600
89558898
44104000
27417200
69787400
35005400
61421098
73902800
41897498
14527098
36873200
58177200
99939000
38753298
81359200
54067298
31904400
92545498
858000
89385400
23844200
34817600
67604600
18477098
57165800
82513800
96795498
58967000
36918000
13800800
90226400
20576600
18096600
61890800
78626600
6138898
90634898
42103600
45081400
7286400
60926000
79126200
18749600
7977000
35193400
14981800
44500400
50946400
79462698
85065600
32283200
18296400
14703200
46910600
44543400
4763400
54964400
38362800
98477600
99941400
21113800
23965400
33533000
21728800
16122698
52615800
49154200
8192200
19723800
871698
8562600
60403898
8701298
96504600
43969400
58792800
11142200
86042298
51218600
29961400
28422800
16407000
5366400
87724000
79596000
69250200
82318400
21125600
70905000
81830200
54440400
6203098
35407600
71425200
76518800
5735800
78793898
36440200
42289400
65948400
74467400
89226098
53500600
51709600
35888800
63383498
58821200
14267000
63248098
94552800
34688098
88117600
75395800
25822800
90537000
65963000
37149200
74811200
50514698
49560600
28065600
63992400
64427098
72629400
19194600
68230400
18328000
22608698
10393800
9343200
5196200
87835200
68835498
98007400
35967200
57746298
34399800
69305298
60028800
58458200
58509000
96626000
11546400
19420400
62509800
70482098
4569298
37651000
70825000
11910600
99145200
45154498
50381800
36942200
39843000
78697800
12448400
63770800
60374400
59920098
15807000
86633498
75805800
22832800
31933698
52081098
18636200
35941200
44800000
4062200
8004400
65284000
11294600
13975000
93388600
20445098
27361098
33357898
52625400
90744600
24130098
12246298
28162400
94017800
31021600
25055800
71550298
78479400
62375400
99989400
30180498
42470400
61049298
3045000
7621000
89352498
83901200
50884600
80168200
33212400
96422200
42080298
99032800
52303498
85435800
90657000
34182600
31975400
48699000
13482600
83751000
26356200
69461498
89916400
66393698
78213800
83703200
17614200
73079800
83139000
44716200
97310898
7758400
83708400
17340200
35666200
37588200
76866000
9523400
13520000
22015600
51556898
40802200
30003800
4413000
54423200
81156200
88728400
60879698
79181800
13296698
39855698
62066400
9647800
20451000
69487898
3101898
47122200
78259600
98519600
87392800
99722800
78259600
18709000
72897898
66954600
93411000
57502000
95526498
6009800
78099200
54338098
34169000
61266400
94528800
27607600
72217400
29880800
40899200
32262498
33346698
44693000
44167498
35853400
71152898
18272298
88146800
20872200
47951800
36814800
24757200
10031000
7992800
44480200
84701800
20292800
52718200
9267000
31840000
55370200
28720000
25677400
48332800
37684000
69489400
86831298
88000000
81876400
51172400
78747698
60939098
31208498
60359000
26836400
98448200
12243898
5239800
48305800
82539098
87459600
17331000
18775000
99942600
95476898
9703000
2326200
81164000
29285000
29386400
74678600
71463400
14695298
74567600
93625600
47868800
10987400
16489000
3188400
20685600
89062000
91936098
62356400
66211600
85125898
49533098
94375000
51810298
78659800
66308400
58845800
48531000
73604000
43461298
69942800
62656298
32253698
51598000
75989200
87118400
92197200
63010898
39401600
34711800
65973498
65911400
43962600
84450000
26162600
38269800
15074600
60695000
25983800
87771098
33102000
89200698
31547400
64546098
65416000
72068498
4547400
1798000
59541498
16239800
47642200
87348200
96712200
13798200
57294898
12432098
63208200
14033098
83093800
1914800
63101800
8372800
73110600
21385600
86618600
79995400
93957000
1626200
12328400
79581400
93339400
50513000
18610200
62139498
65217000
67968000
84578800
51203298
50563200
82060200
36275498
62796898
18589698
44834400
52042800
74991800
89426400
71113000
6167000
65534698
93480800
984698
16568000
39006200
91203800
98386498
19825200
87582200
52364800
55314000
1965800
34513200
20302800
99198600
27644200
28295200
7220000
89254298
16388600
69170098
40015498
2749098
93216400
42930000
45338000
74500400
67676898
78040098
85487800
28403400
1802200
97263400
39651498
95322298
94001498
96354600
4893400
36130200
3164400
76577600
29352698
89270000
66860600
44466298
30691800
68614400
88602600
28859800
36188600
37289000
14333898
81018400
488000
44832400
96300298
78081400
16502200
89018000
44045200
82588898
87259200
47881400
14617200
1446600
87445000
26645600
93192698
10983898
70976200
77184498
48824200
11935000
21530200
42986600
53890098
1906600
21146400
10633898
84662898
63841498
31577898
67637400
45903600
22739800
22281400
96415498
95072600
57748800
78693200
31276200
34635800
35546400
84050200
65609800
19843200
60972400
55036098
21947898
61427600
55324200
5455298
37117600
21613898
81961400
57343800
81912400
81481000
89092600
92480200
70565000
83871000
91760498
44229098
33085400
92968400
16111600
76000800
60263600
15524000
82176600
27769800
37366298
76558400
36265200
4108600
48046200
18244000
34552600
26094098
87109000
69800000
90222498
82109400
29459498
41520000
16183000
41976698
87834200
75846698
40774000
60747098
86681898
86351600
13452498
90021200
50686698
66118898
51143498
34083098
43717400
68214400
96164000
51192600
20224800
96674200
49935698
56945298
90758200
1328200
44131400
47627400
17255800
67031400
92157600
99823000
50031600
62014800
64299200
12412200
50553800
37046600
88294400
71247298
62572800
74972000
28713200
90086800
29517600
62533800
74992600
11297000
1766098
68158200
64202600
67486800
74976600
38725200
25936000
23967400
13930098
45125800
68846800
97878600
51475200
75835298
30532200
74593600
16867000
53960800
17304800
54911200
4300498
87141800
54771600
9409400
94201600
46177200
53770600
5563898
27467698
6710898
7277600
59443800
13400400
79066000
22015898
70214200
47484800
78397200
2755298
22958898
34587800
18517498
26962698
97130098
53611600
24815498
32219800
19893898
54375498
73463400
39553400
70923298
46494400
66298800
58306200
86881898
49206600
71756200
65028400
24646200
81128600
87555200
38859298
3092098
49685800
32965800
22969400
59931600
18351200
43831400
3040400
41772298
40669298
35367400
11001600
62069000
24833000
39837600
87744600
9950200
78950800
30678098
90404800
12476000
39313000
55447600
86659800
31334498
72104098
46986600
4891200
95512698
76920600
7633898
66266098
57797098
92832400
35688600
12395098
81776698
77037200
48850498
73264698
83049698
85489800
8074400
25095498
11397800
31765000
57634400
84189400
25576000
70291000
17934298
62315698
45289400
84295400
77641000
2420400
57290498
39822298
95504800
46520800
32001400
28325800
15906800
37825600
22487600
75277400
74617000
26188600
70099800
82013800
78200298
47175800
90506200
20811000
28184800
2626600
38550098
15295600
57821800
39003400
95127000
51192400
76839800
70054600
30213098
36174200
6768200
47875000
85017600
28414800
50397800
46364200
20566800
63081000
93681800
67736000
52195498
64566400
15058098
84771400
75220698
2399898
8259298
23370000
21793498
48651600
40734898
54512800
31545400
98224800
94557800
18598698
57623400
84821600
39909400
48616800
13065098
55474698
50960000
59590000
82946600
12009200
84367200
36349600
91537600
70143200
59466200
50300498
4969200
24995000
93088498
95387600
9193400
18094200
74645898
37893800
48718200
77618800
1526400
93119498
79295000
28296400
82032498
65085200
87719098
15678800
61633600
58517200
2308600
15641400
75241698
12280600
62581800
33229200
10194400
21658400
93749600
92648200
96229000
95942000
85906098
86143200
62938000
25188200
24326600
21323498
44451298
31487098
23157800
73531498
31025498
32578200
85341800
79038800
90433800
7098698
2908000
12458800
71751000
85825000
67492800
37092098
97269000
49544800
1523898
40157000
98105200
94262200
57262000
98614800
97722498
21256800
1413200
47829200
5731200
39121400
10859000
56045000
46665800
90133200
74360400
28651498
42029200
98641698
16042200
75482400
79866800
55529400
3326298
82039600
89486698
81479600
21260200
62654800
10973200
59464200
61390600
41255200
95166898
53404098
57612200
56947600
84937498
75409200
69922298
65312600
76742898
71735000
56952400
54781298
64531600
84432298
44827098
95228000
52781400
11374600
80041200
56049600
95300600
92186000
11343000
29700200
69365898
88359898
24521600
14584298
13602600
71152298
94437400
81474098
73727800
71903400
35642200
13224600
60298000
58005400
19858400
67576098
97368600
94972698
83135400
21927200
26425498
85721498
4829298
57163400
45936800
13646800
97649600
43867200
18300000
372698
34726800
637400
45785000
56026000
12939000
11278800
46290098
47737400
47903000
73645400
22494600
53218698
61162400
72824200
91192600
59030498
85156400
33299800
74515898
85801898
47079200
96706200
97954600
99957498
62553600
38602000
53515400
85367800
22232698
29472200
99634200
46162600
70420000
94292098
97937800
96392800
95762498
81441000
78355298
83372698
97422000
28879498
14821298
37435800
35461200
62119200
31284200
49897000
55234600
96572600
69378400
50593200
16379800
24996298
8007000
32554000
52175600
70276000
59538800
65580098
18095000
2245800
7447698
74482600
39685898
56714400
67733200
59091800
77624498
92747200
99802600
86986498
1879200
98623400
95111498
82479898
44869600
81080400
50519600
35365698
57053600
3171200
20469600
58063400
54978600
75501498
51608400
65066800
35086200
70332298
71559200
7020400
44336800
66034400
28407098
90635600
71967698
66457600
51996800
77398200
30139800
45078800
42149600
77101000
83933000
70389400
61834000
44751898
44848600
91662600
45421600
37945400
93143098
62646800
53823200
19253400
4744200
82888000
80504200
21643200
1141298
45028200
74569200
46889200
73867200
74969600
43626400
30814400
70964698
50162400
37660000
89427000
77059600
92640698
50745698
70853200
35887200
93581000
95105400
3895498
89635600
90695400
17718498
12912200
93767600
29809898
48116298
39837400
59882000
53503498
6329400
29237098
36550600
91613000
69638200
77527200
64092000
21226400
100084298
10086098
38544498
67931298
90734200
83689498
64799698
37438600
54764898
28488898
42985600
28341200
4725800
56947800
41363000
80233298
22574400
73736098
76006400
44916400
23850400
49984898
98746200
32059698
34612600
28145898
42015898
12908600
48759800
74055498
46756000
91662400
53653600
53280800
19030000
51744498
59973000
88428400
16518000
73122898
23600400
71751600
97348000
45798200
71546800
6577600
20257298
54438800
6452098
27240800
62069400
74196600
20014800
90578298
7997298
83897498
30608200
55722200
43566600
38246298
59065000
14400400
36988298
99874600
39436000
54263400
43514898
60648000
18277400
31924298
31593600
67632098
88530698
29308200
3641400
35550698
59786098
5893898
13120400
35198800
77180498
39628400
5454600
64536800
48985600
32457898
17553498
21667898
98538400
67440000
88241200
34489800
43437298
65888898
76661200
21820400
26600
9392698
4963200
47364898
84839400
85283600
16765000
99300600
29775400
88242000
30269200
48595000
4899200
8533200
37358400
94704200
86584400
72029200
22546800
20307698
98446498
56937600
44071600
80825200
87321400
31169000
5253298
45695000
92296298
98809298
53731000
19433200
93424000
62370898
12837400
81751698
39142800
48044400
52931600
77854400
38711298
4711600
77389098
86983898
22999400
11349698
40835400
96948600
91113800
16050898
84324600
15092800
47049400
66009600
37937298
21692698
48121400
96034600
22404600
7188600
21241800
45847698
18535000
49711200
31516200
73043098
46946400
30373498
37623200
23113898
84006000
58242200
70749600
79774400
64386000
60900000
13990000
61590200
19781698
63305600
47875400
64671600
96354800
20123498
65356800
9950898
35997000
79927000
40481698
19508600
82180400
81421800
4659600
91713200
64562298
50811200
89846800
67536000
78398600
6066800
74918600
60772400
23556000
96820098
90664400
33889000
44203000
21027600
42703400
70626600
32125600
704600
60063200
83792400
25910600
25686000
45509000
45596000
62261298
87162800
5340600
60300800
40544000
59812600
15164400
74446200
95746800
82010000
53282200
79335200
50683400
52752498
94631698
48207200
73999898
98025498
46150000
44135898
17892298
17444800
78513200
25565600
84802600
60257400
82684400
82613000
59989498
69427200
49013400
41057200
28843200
32343298
21013200
60176800
1882800
41973800
98018200
39633400
94209898
11407498
1678600
86016098
24440600
64293600
42907200
56499200
90595600
22238800
19644698
96992498
48889400
40653200
43790600
80431698
38023800
61556400
18974000
94598800
43517400
36365000
32258200
82629600
85753600
71626000
5719200
56951400
90513400
18658000
95691898
95446000
17245600
70534400
62860800
79195098
11617000
27556400
81028000
75682898
89105498
99710698
35345000
74399698
29054200
54633698
15670800
40340000
89141600
87076400
93052600
83039800
76600800
52472000
14413200
40557600
97875000
75770698
2872898
47717400
20518400
722298
85660498
71882600
4404800
7766600
42706200
37358400
95199600
21483698
41525200
31398298
97377600
40696400
25776400
33428000
68650600
28019800
7498200
42280898
13825800
30363800
37833600
97511898
43163600
95934898
28390498
25834200
99536000
63606200
23527600
21494000
48320898
10364400
68449800
44116600
23395000
5860800
82910400
77966800
61446800
45400000
9232400
39350200
81097600
51813600
90895000
6455600
65357600
17179000
11731200
83588600
90744200
55707600
35571098
25242400
32729800
50776600
85470898
10180200
44762600
46559000
95562200
64790698
89687400
84274400
93801498
14197400
83438200
32932400
16839400
30943200
28096200
20855800
68703400
92471600
40013600
15858000
42011200
36749400
28677600
48054800
62422800
70009200
9120000
11387600
90663898
13247098
81475800
31197200
71899298
48112000
48519400
75052800
87498400
90476400
7972000
35295600
54265200
19582800
32462400
4231400
18768600
78697000
46569400
27430000
4348698
84777298
82253800
88496298
85318898
16873200
20676000
74053400
29955600
28711400
64468000
9443898
90212898
94572800
38182800
2756400
83452800
55017600
10085400
80430498
77627800
30366800
1091000
74110800
30574898
12017000
14727000
55310400
12724600
50717000
66122298
18468400
24149098
31204400
50039600
63075098
83853600
72447800
76032800
87969298
75559400
61852200
31922000
40095800
98030098
78404600
89743800
33103200
75907200
93536498
58453800
259800
15652600
29819800
87230600
62238600
98415600
54317800
3266200
34659800
86980098
93400200
55391600
7049200
95423498
32032400
32418000
85533298
1186400
78998298
35269498
99855800
16910400
73191200
75560200
42308200
69467898
62136000
84359400
89842698
5886498
15850000
60156200
74240098
82142400
65800400
70676698
12294600
81567600
72058200
4254400
51875098
77097400
8922200
91051000
55109600
35057200
17160400
88751298
50532000
59611600
12787200
58261000
39434000
23723000
49789898
57248200
67678898
47386800
12481200
10295600
65187098
29142698
7942698
52702600
17251400
38978200
89961298
41171200
95111000
48602800
6729298
59410200
9616400
37878200
58648000
39623098
95928200
81573800
50438400
87957800
77243800
44785600
88931400
14839098
48450698
26959000
58903000
62174000
35255000
18739898
13956098
96397098
93280400
94368800
88822600
47473200
80890800
36264600
48584600
6386898
31315400
69110800
78460698
73015400
95104698
77050898
15710600
48813600
37036200
2063400
78291898
25064800
26559098
97506600
64978200
7905298
24075400
99944800
86766200
22788000
93879600
16697400
16678600
21958600
49383898
10130000
28561698
15369498
34446200
7345898
68831898
23580898
26820698
98620200
1949098
7007098
90379898
82530898
18119698
37096000
19974200
69982298
14914698
74074600
24227600
63935098
7238098
54394400
98813000
32243200
82552898
18331800
16659498
98387800
35130698
35005000
74056000
74907298
16836698
16821400
73296000
5322600
13063800
49310000
5639298
53928400
41987898
55506600
86613600
53933800
81323298
92302698
34513000
41617600
88241098
17150800
28733400
7457498
95819200
29715200
62108200
72859200
57637298
69362600
99087400
12847800
57028000
22751000
35948000
1244000
24307800
95367000
24501600
43100200
38618600
47076800
30098498
62939098
15924600
82436000
66433098
54224098
94637400
5608898
18762098
97561000
65764898
17468200
8985298
50887200
48975098
21396400
25438200
14104800
30837898
23417000
2695400
90287200
16635800
23382400
32556200
34149400
384800
91485600
51447800
12305098
23009498
18470898
44707400
16385600
2039400
63686898
304000
54668200
28052498
42241400
44019400
5327600
151400
51926698
17775200
43912698
45550400
13216000
43511400
68572098
15618298
97510200
79627400
25127698
78464200
97153800
34237200
27133200
85373800
26449600
12196000
47768000
73650200
84975600
5202000
12242800
96511898
50995698
47011200
37265298
83519800
53429898
57120200
14429200
20495800
94154098
2438000
37864400
79530698
94027800
33035800
65460600
4849298
95176298
19378800
22289098
17011400
71268400
80369800
51278400
11226600
94898000
34817800
79314698
66701800
539800
36493600
35930400
74158400
76266498
85249200
56237000
94585000
67872400
9757200
14175200
90879000
8343898
57649498
51862800
15964200
17840600
30863800
44147698
12448000
80038800
46394600
37462098
55679298
72762800
87075200
19521000
99098000
32694200
97323098
54177600
61269400
7066600
87215400
17429200
4561400
85013200
35058000
93000200
82652600
75241000
15044600
4019800
15862898
97263000
76481098
5427200
66191800
5311200
65281000
77278600
57166498
80371200
70569600
14308400
94467098
2450800
12810898
42740698
77656400
17873600
35402298
84463298
33775498
84094400
77814898
75080600
87342200
34308600
84732400
68820000
92736600
90090000
47065200
66530600
72154400
31113400
13378800
65774200
53558800
71986000
38815200
77455800
66611400
45086400
50465600
56223098
10912000
37292298
87030800
13316000
93884298
82986800
30586600
16508298
80049000
33930898
52980400
84313000
18949698
15617400
25336600
7281000
92347298
4547698
78401400
92166000
17736400
63943200
33379000
22160800
41574400
94943600
4446200
10881800
23454600
16774200
24574000
71104000
70838600
9909400
92128498
50106898
26755698
34514200
92708600
89851000
4341800
44305498
998698
46857600
31758098
12912000
20614200
51756898
35863298
91175200
59724298
65932298
82434298
39902298
93736600
53850000
7258400
65248600
73217400
96983698
54518400
99358498
23776200
39322498
43886200
48540400
80895800
54803800
20651000
73558498
83555800
20178298
39438800
48018200
44602698
34653698
54260898
33969200
2512400
56185800
95385000
33263200
96907898
585698
87452600
24698200
10032098
30631098
72333800
77952600
70061800
18725400
79674600
72219698
69563698
57388000
98036298
2697200
64794000
42434200
30621200
50176600
94582200
13511400
18322600
1530698
99213400
30745400
72070600
98326400
50540200
54989400
39304600
11779200
85210498
98016600
18886898
33303600
82992200
77446498
49300098
15462000
86090600
75539400
96819800
29462600
96322400
45762800
86754000
45051098
53365600
78738400
23201200
16064600
28361600
13304600
15223600
90890600
13579898
24654800
12416898
95270000
77326600
38637200
18149698
50537098
43901400
50506200
69782600
57070298
22090000
39965800
89722200
53549400
64287098
26686800
67016000
40149400
18167000
31386000
19799400
60034600
43309600
41842000
79340898
187000
28977800
70193498
47445200
95839200
96184800
64621200
24118200
59020200
81175400
30295000
56787600
53599400
100013498
6035200
55620800
68194800
97778400
16264898
90388800
63589600
85711000
36832898
76216600
25280200
86107600
76690000
4895898
23675200
57968098
60080200
10040898
49414200
46451400
15263298
26311000
78019698
3174000
96332800
81145098
92174200
19324000
7051498
19804498
81463098
41497898
10027698
61540200
85358498
54773000
62762600
37752000
99350600
22803298
25087000
44368000
10294600
89434600
54445498
40364498
63371498
8862200
87615298
7484000
96760800
28576098
20111698
54617200
85690000
446000
95057600
29277298
63875400
83024400
40294600
95047000
28093000
87901098
7827200
33142000
74944400
46043898
79525200
88963000
43633600
65601800
72520200
16111400
70786000
88918000
42605600
29733800
25475098
57603600
70503200
51437200
55155898
92673898
84195400
21635200
29126898
31025000
7970000
56118400
91249000
77488000
62052200
16741800
75398200
58188600
90251898
17042600
51323000
69506600
22861200
21711800
70687800
75040200
5570400
64047098
5496000
97008200
48521200
95961600
45753298
17003200
80443600
86337000
92111400
95561200
44240200
89100098
20594600
69051800
9568600
71299200
94854298
79946200
33032298
39409698
84979800
97503800
31141000
14351400
41592898
66244800
45538800
28628800
1222098
19946800
68625400
54672000
76787000
9215800
36597600
57803098
8030498
78310800
20921298
25496898
30026000
25977400
21312498
69829298
99942098
30813000
66192800
17930400
13314400
85168600
90743400
10663000
80889800
70419400
40125098
12075098
90314000
83941600
96950800
84224200
96022898
31034400
38974000
11874400
43281800
34816000
9459000
82519600
58587298
41101800
16412400
73583698
67497400
12511200
73044000
86854098
89710200
2251098
92231600
80823298
64321600
83639098
32058000
67138898
66401000
97784800
31769498
89742698
75207400
58365200
61940098
70764298
13057600
44629200
10071800
67099498
44225098
52412898
80801200
56397800
31623400
13249400
15823800
32704000
70483600
49414400
99018200
73913698
59402800
46834000
53282898
19665298
69569000
13842000
89047800
10438000
80066498
20838800
48019400
82208800
38537098
14233200
98752400
27496098
93821200
1881600
14862800
76261298
51904800
48100498
30659600
41783200
86098000
61118000
61042698
40267098
95211200
98446898
82038000
51887200
23866098
29956600
16934000
71829698
3571400
48239498
25591800
52205000
20673698
79957600
24098400
90663898
44688898
46182098
86171400
80313600
20983600
30022600
18254600
77930200
99962000
37517298
75571200
15498800
81548698
7773000
84827800
56985800
81558800
5331400
87296000
40125898
77853098
35549898
12610200
67215800
16404400
83771200
36587400
94304698
79539600
7555600
64770000
20679800
39860400
4142200
68156400
96413600
96978400
74383498
90728200
13051898
4556698
78076400
96993200
68117800
95070098
16218400
97614800
92909698
6113498
91399000
27745400
35361600
42070800
5096600
9676600
76484698
84277800
61556200
88933200
13921000
32326800
87797800
10871098
2624098
41480400
81056298
6452400
6814200
32618698
47916200
30805000
7820800
38296400
50571000
78891698
77549400
34265400
32841400
96264400
73792400
53798200
64995200
64309800
34250200
79107800
13533000
56942200
39755098
65654600
36064200
55118200
98926498
87903400
16692800
36807498
99397200
81887400
36515800
74127600
84487698
45268400
24478800
78409800
13260400
90477000
76769800
45567898
98630800
54904800
51952498
43548698
18423800
34960600
33169498
38317298
77437000
73109400
47405600
92871600
76850200
44605000
82796200
74000800
91582000
91508200
96744298
32683800
5559098
73690200
14160000
83191800
10163600
45002200
31029698
84306098
41619400
8520000
4520400
78459600
78786200
8435800
42000
69931698
59281800
83694200
42649000
98139800
11968400
61860200
670898
19003400
14768498
85815800
5015600
93912800
91149600
14574800
19931098
95847400
53628000
42059898
33738200
45108698
4529200
81504298
77840200
69338498
62915800
57477800
86323800
23704000
70591200
57563800
30694600
48707698
44657400
57879000
33981200
63845898
3389200
67775800
66368098
52143400
18397298
3751298
12640800
62752200
18096298
96358898
74589800
13633600
30610400
35352898
94069200
81900600
78843498
22092000
7970498
33552400
6684600
42989898
29330600
68365200
10238200
96466600
26863000
19607400
7017498
69320498
14352200
6073000
32602898
50948000
56545200
32075800
20660298
77584600
68538600
62285098
89559898
99881600
54262698
48502000
12345400
32035400
24684400
36637200
49705498
53371400
22786400
11842400
25059098
79475698
55952698
62615400
62978600
37694800
87328400
6001400
98580600
9014400
25974400
89814600
20055400
29784400
48718800
17150298
64602698
27690400
21700898
92367698
84113898
34152000
88588698
58934000
58602600
37714600
95352200
26806098
19446200
87504800
4564200
12228298
93673000
71218298
58420400
95363400
62759400
13311600
37581400
27688800
68436200
60522600
27210800
54114400
81353600
59822400
58505800
57911200
22183600
92111000
47278200
10151000
56930600
98933400
66765498
92568200
45638898
6469298
54915200
48133400
45803600
62923000
66268600
89214400
21612600
6009200
46863000
35024498
10001400
42503000
1480400
8501298
35744200
40345600
32777800
98500000
97266200
62153400
44982498
34722200
27646000
25003298
95723800
47658600
52367000
70752800
55161400
13366498
31581400
80797000
29141298
22735600
86086600
96209898
96117400
53901200
63491800
72189800
90586200
75197098
98567200
39546800
37290000
39230698
36106298
78343000
52631600
58114298
58125200
92515400
84539000
65749298
95330400
8517298
42703200
25455600
71229200
19357000
52034000
65706200
61369600
90944498
35480098
33667600
4872800
99626600
63077898
69994400
74258698
67673200
1149400
55690498
45973200
2210200
12068600
30518298
40113498
2966600
35905800
7394898
33893800
80476400
87036600
5565400
89376600
35510000
61469800
24148498
42859000
73392200
52152898
37334200
18253698
12492200
16478400
24713800
96962800
26674400
21444000
89274000
27524400
63265000
29185600
48955600
57029000
44394000
6200600
88522200
75301200
56110600
41517400
80460800
36301200
94051400
30772298
81107800
88543000
14153000
18698098
13003898
96671400
94846000
2650200
3738200
52737800
47392600
94758400
82728600
65581498
55955000
80525400
16504600
31965298
24696498
82898200
21858600
35288800
47712400
94603600
13841898
3350400
4707600
93388000
48534498
92112000
16413600
44171800
72814400
4005098
99136800
18376800
23095000
81616000
83266000
40927000
83260698
10627498
91321800
19502600
11253800
53230400
61687000
88853600
81276200
16038898
37214000
78980800
4089800
43710000
65113600
42884400
83759298
60112600
94213200
44356000
61888000
80420200
19806200
71504200
89870600
22493800
74922000
38050200
86593098
78563498
34290800
95494600
71382400
56060000
8285600
99277200
71940800
27234000
39917800
57930400
99582600
63661898
869200
15771400
89859600
69074898
92789498
2127800
83355698
88489800
21138000
83694498
47219400
30343800
74676200
38228200
14027000
32640098
45108000
89901298
88383200
40109898
19386800
11809200
25344698
71998200
16199698
33039800
26166200
56323898
42360698
23212600
42322600
22919400
13260498
799800
33706600
52656200
27708200
89309098
23032200
44522000
81150800
91935800
47854200
27838898
57980000
78889400
81302298
71128000
9726098
85891200
26773600
37547800
74021898
83233098
70500898
98207800
93854800
52221600
71453298
80272200
35897498
31897498
7229600
21138200
75236000
8407400
16697000
65562698
47295000
19838800
76090898
7959600
34083400
29094200
35386000
58235298
58344200
82898600
56690200
58093600
5488200
92583400
7660200
97019400
82908600
64539400
94319400
12596400
91094200
29208800
51368800
97382498
65578098
88880400
25519698
16723800
9761800
16442400
92281200
20354800
68816498
51130200
28032400
11959298
77396600
53228800
75693800
84030098
89766000
86537400
9635000
76112800
37795400
64615200
42008098
40821098
29921200
9772000
20523400
5942600
49370400
14743400
34708698
81603898
9909098
31340298
29328600
86397600
24853400
71932698
23139200
5529400
60187400
44617400
72817800
81187200
90278298
9072000
57875400
75870600
59288400
31189000
48326000
43725800
49082000
22046098
33232298
43024400
93155800
18392800
65231000
4260400
17353000
5723200
34492200
59890400
44009698
97420400
81571800
62010800
157200
68457400
28575800
59523000
687400
29538000
94013098
33024000
19046800
32400000
65977800
28530600
43544400
56277600
58528098
84275098
79356298
17957400
42345800
30663098
38570800
66966200
81372000
38650498
75780298
14278800
82342400
71137600
69649800
51198800
24795200
16213600
25342200
22800400
76154898
18614298
15015098
42520498
81855000
66263400
2613600
32816698
51905600
8893800
4527898
57419000
89520800
82425800
23007000
53247800
70880400
1747200
27419600
95444200
89195098
94175698
49504600
91249400
2273600
58121698
60013400
54335600
56054000
79333000
15331600
5725000
73573400
78780400
62550800
60685298
43227800
16825600
67711800
41145400
10808800
14728600
5814698
23679200
80427400
33158000
65249098
63516800
43777600
79635800
34173498
97233000
55406200
10081200
32361600
9838498
11418298
67002400
88317200
80317600
16833800
91629600
910800
66776200
38656200
54347600
95894800
47896000
33932400
47729800
68537200
57470400
71218600
35288400
55639898
34758000
38217800
79326600
61164200
34129000
94416898
24476200
230600
73831498
57608400
41630000
38632400
9461600
76382298
90536498
5715400
98970098
69051298
28530800
13230698
85266498
50121800
11215000
56211498
21716600
53067200
47353600
3677800
73430000
939898
6368800
74142698
10241098
62733600
70261600
65389800
75233098
57946698
10497298
73164600
42677200
84601698
96643800
15570898
10502200
57890800
1574698
99034800
11160098
23017000
87374298
67758698
87088400
40767400
74313200
91740498
8386200
88855600
20505600
3026000
96913400
42428400
29815400
73802600
22998000
73462800
98755498
64494800
22563400
17615098
20359800
71764298
88020298
73664400
45497600
15635800
4858298
6347800
16922400
55303600
99244600
84119800
97233000
35758200
8390298
3268800
86782000
21852800
45886200
97285000
22160200
51977000
15161600
9734498
90350800
2197298
17758000
72306200
19438498
58088200
94699800
49336098
60897000
43681498
45124800
56437400
41650800
57578800
57114098
92647200
46787600
63707800
36465800
33845600
63312898
18719000
91582000
39417000
39280800
58170200
48088200
60499000
69987200
76337000
73401200
23907800
69832000
27753800
37856600
4619800
1212498
647000
4541200
33204600
61197498
26711098
13502000
26985000
84448800
6345200
63017200
35663000
75268800
65548898
57753000
36517600
73524800
44719698
38029600
46152200
36658098
57699898
55408600
13543400
18850600
72403000
97414200
40828200
81024298
86138400
35878200
840400
70220800
42609200
81320898
670400
98729498
83367800
20654800
19965800
91863600
56709000
61801800
24523498
15112200
21469000
88477800
16068000
74103200
70361298
35719698
15780898
44072200
29258800
32807298
12772600
91747600
20250000
91490200
50902200
52989000
34804600
46375698
556800
57614000
97752000
50515800
40224200
70305000
35813000
20039600
71659800
17748800
86465698
86966800
83469000
12296000
23631000
96104400
59136800
22342400
11507000
47828600
34794600
81806000
61211000
87766200
38623600
28285600
65837400
7397600
64473800
25446600
46643800
4368800
50325800
94835400
96772000
23096800
74355200
28540800
58550800
93205298
47305000
43283800
4723800
62101400
81394000
70756400
53837000
57708098
27242200
80879600
23761600
67190698
81409498
30515200
83442200
83767400
24799800
4015498
72152898
83731000
96146498
89902098
8485000
58877600
61339200
25685200
83261698
1123698
31061800
99057800
31234600
93383000
91349800
14078098
49019000
42454400
14727898
29571400
1075400
31609400
44691698
33459098
69286000
61397800
29842000
13121000
14556400
90252000
25770000
48117498
57440898
77489400
88043898
52230400
19862098
8809000
49753600
12761800
41835898
453000
90868200
23702098
13597600
91535800
71347098
17769098
9607600
48072200
91961000
80294698
65626200
7565600
93345800
81002698
16551898
77822298
11901098
41334400
24149698
22110000
58715200
59205298
52709600
92937400
12030200
20258000
99993200
69409000
15481200
73262800
27005898
6817000
71158498
13912498
94658698
53472000
23419800
9000400
32217800
45385600
10798000
70210000
78719600
19554898
61231800
59429200
37286800
20784800
49445400
22698498
95498600
94697498
14383898
25126800
66408600
49608000
8994600
19994400
64339200
12125098
48848800
85447400
9732000
47262498
97201400
89720698
11986800
85369600
83248800
93283000
56648400
34505298
72469000
48362898
42515098
34632200
82071800
1950400
98634000
76212400
77283000
95813800
1830400
61599800
59381000
63945400
94629200
84803298
89010498
74997800
71057800
46596200
14101200
18407000
5328800
66160200
87728698
3402000
27976898
26412200
95859000
40396800
39009600
33364000
59555400
96488200
89390098
72317298
84896698
93060000
1639000
70918800
99812898
65888298
89774200
49601400
93546400
67374898
80310898
21604400
16587298
39452600
88763698
88086600
12114698
44259800
41069200
19128400
31916400
31908298
24510400
7779600
90484498
87752098
90584400
10921800
6500698
10842098
98431600
28420400
72005600
43118600
28670800
83563800
83158800
77710200
21739000
18703400
28703600
96827800
10971098
47860000
9701200
44989000
44354200
80824498
96429200
94551400
1002000
86412200
15491200
52407400
90664698
38297898
77795000
62872000
16190600
46039498
76302800
68270698
38574000
91172200
81257298
9276400
4413298
78200098
81583200
39181000
78241698
70278800
96477600
74421898
82636000
17438200
39967298
5301600
11144298
77377200
51301400
87216400
93681800
2375098
70025800
65446000
19778200
24054098
59587200
286400
22280800
12227400
35700898
59075098
36907200
13799400
45727000
17709298
38281298
21970498
94683098
98794600
73640800
30577600
47387400
80688898
54956000
55019698
10925098
98713000
97555200
98637000
4942200
56198000
41117000
51237400
64361498
77398800
57102200
39886200
41149498
26127200
536098
28005800
31808400
20528600
7038400
11895600
43673400
94100098
17534200
81361200
87508898
39662498
11331400
57989298
77761000
46727098
48626400
50785800
10390400
4289000
80879000
28467400
3435600
67194000
29796000
95225800
59446698
48159200
49996200
8645400
7160400
37526600
1756200
5617800
67963800
35275898
29890200
88545600
18734098
4514200
59521400
92519000
31366698
65862898
86268000
81027600
95131898
36247800
44505698
88644200
24359200
82006098
4413000
80498698
72291298
89709498
95540800
21760200
3683800
720800
10437000
3167000
76695000
14333498
63606298
11988800
66809000
44093200
64969200
71006200
40405698
49116498
44443000
96030200
23438800
96626400
180800
59837000
55534498
13134400
96727400
97933498
28182898
79189200
18659200
14856000
68789000
14007000
84006600
2266600
16062898
38093400
1747800
640800
58600800
97725498
38681600
43557200
29502000
16844400
4781600
86058400
49710400
93901200
12992898
16025000
1660200
70871898
1817498
50063800
1279600
28071698
76811098
26634400
9953000
13396000
30536000
54476800
96163200
6957498
99658000
1862898
350298
19141200
80515298
20757898
90683498
1578800
58266400
92460098
50925800
3608200
72410898
8681098
8043000
73657800
91467000
21621698
95230400
1897400
80865000
46933400
93414800
18040600
78287400
73098800
66601600
60545698
41070200
29939498
65736600
59888400
23496698
60454000
4073200
17788600
2705600
97152800
16945800
58451498
56017400
