10
0.000000
0.390544
0.250963
0.246496
0.246953
0.178199
0.329174
0.469283
0.329464
0.355610
0.452796
0.000000
0.426660
0.206357
0.311912
0.094998
0.442735
0.324493
0.100570
0.260125
0.291874
0.232059
0.000000
0.448618
0.164236
0.281343
0.375025
0.170730
0.180925
0.107983
0.150146
0.351570
0.284604
0.000000
0.494120
0.043431
0.296611
0.051112
0.018694
0.401059
0.248028
0.022684
0.031463
0.115949
0.000000
0.465516
0.000752
0.193760
0.400939
0.207811
0.418316
0.170988
0.067341
0.083152
0.341632
0.000000
0.486623
0.352565
0.263127
0.184253
0.195458
0.341368
0.255940
0.000304
0.328845
0.340400
0.000000
0.341608
0.166858
0.099394
0.012799
0.131087
0.330459
0.005484
0.120544
0.262610
0.286426
0.000000
0.060362
0.394415
0.475866
0.308736
0.085516
0.252796
0.079212
0.156757
0.395864
0.199697
0.000000
0.438833
0.450558
0.429365
0.468366
0.112302
0.297234
0.424237
0.192286
0.390033
0.152602
0.000000
